InPut : Path : <type 'list'> : [array([-320.38002235, -325.17576958, -330.20480892, -335.6886356 ,
       -341.83943301, -348.83349479, -356.82373936, -365.91749425,
       -376.18486297, -387.64819338, -400.28382848, -414.02580324,
       -428.76036775, -444.34301768, -460.58754574, -477.29264991,
       -494.23129968, -494.23129968, -494.23129968, -494.23129968]), array([-277.23222217, -262.37232515, -247.89668815, -234.17014026,
       -221.54217293, -210.30316287, -200.70498498, -192.92442055,
       -187.07693843, -183.19934825, -181.25268407, -181.12829361,
       -182.63881717, -185.54623883, -189.54385291, -194.30009094,
       -199.44074908, -199.44074908, -199.44074908, -199.44074908]), array([712.70369695, 667.6106329 , 622.53248043, 577.48339708,
       532.4769452 , 487.52439312, 442.6355151 , 397.81717131,
       353.07384261, 308.40695745, 263.81500372, 219.29376505,
       174.83597078, 130.43238448,  86.07110413,  41.7392629 ,
        -2.57816401,  -2.57816401,  -2.57816401,  -2.57816401])]
InPut : Orientation : <type 'list'> : [array([[ 0.38780087,  0.01655112, -0.92159457],
       [-0.92031888, -0.04860872, -0.38813704],
       [-0.05122163,  0.99868076, -0.00361819]]), array([[ 0.40912053,  0.00435673, -0.91226973],
       [-0.91143641, -0.04775201, -0.40933137],
       [-0.04363562,  0.99884972, -0.01455253]]), array([[ 0.4301984 , -0.0078383 , -0.9023467 ],
       [-0.90201531, -0.04688817, -0.4302573 ],
       [-0.03602383,  0.99886939, -0.02547734]]), array([[ 0.45102205, -0.02003217, -0.89183199],
       [-0.89206115, -0.04601732, -0.4509011 ],
       [-0.02839074,  0.99873977, -0.03638543]]), array([[ 0.47157915, -0.03222304, -0.8807325 ],
       [-0.8815798 , -0.04513959, -0.47124924],
       [-0.02074088,  0.99846087, -0.04726967]]), array([[ 0.49185756, -0.04440909, -0.8690555 ],
       [-0.87057745, -0.04425512, -0.49128838],
       [-0.01307876,  0.99803273, -0.05812291]]), array([[ 0.51184529, -0.05658851, -0.85680865],
       [-0.85906062, -0.04336403, -0.51100538],
       [-0.00540891,  0.99745542, -0.06893804]]), array([[ 0.53153054, -0.06875947, -0.84399998],
       [-0.84703611, -0.04246646, -0.5303873 ],
       [ 0.00226414,  0.99672902, -0.07970797]]), array([[ 0.55090166, -0.08092015, -0.83063788],
       [-0.83451102, -0.04156254, -0.54942144],
       [ 0.00993585,  0.99585365, -0.09042563]]), array([[ 0.55090166, -0.08092015, -0.83063788],
       [-0.83451102, -0.04156254, -0.54942144],
       [ 0.00993585,  0.99585365, -0.09042563]]), array([[ 0.55090166, -0.08092015, -0.83063788],
       [-0.83451102, -0.04156254, -0.54942144],
       [ 0.00993585,  0.99585365, -0.09042563]]), array([[ 0.55090166, -0.08092015, -0.83063788],
       [-0.83451102, -0.04156254, -0.54942144],
       [ 0.00993585,  0.99585365, -0.09042563]]), array([[ 0.55090166, -0.08092015, -0.83063788],
       [-0.83451102, -0.04156254, -0.54942144],
       [ 0.00993585,  0.99585365, -0.09042563]]), array([[ 0.55090166, -0.08092015, -0.83063788],
       [-0.83451102, -0.04156254, -0.54942144],
       [ 0.00993585,  0.99585365, -0.09042563]]), array([[ 0.55090166, -0.08092015, -0.83063788],
       [-0.83451102, -0.04156254, -0.54942144],
       [ 0.00993585,  0.99585365, -0.09042563]]), array([[ 0.55090166, -0.08092015, -0.83063788],
       [-0.83451102, -0.04156254, -0.54942144],
       [ 0.00993585,  0.99585365, -0.09042563]]), array([[ 0.55090166, -0.08092015, -0.83063788],
       [-0.83451102, -0.04156254, -0.54942144],
       [ 0.00993585,  0.99585365, -0.09042563]]), array([[ 0.55090166, -0.08092015, -0.83063788],
       [-0.83451102, -0.04156254, -0.54942144],
       [ 0.00993585,  0.99585365, -0.09042563]]), array([[ 0.55090166, -0.08092015, -0.83063788],
       [-0.83451102, -0.04156254, -0.54942144],
       [ 0.00993585,  0.99585365, -0.09042563]]), array([[ 0.55090166, -0.08092015, -0.83063788],
       [-0.83451102, -0.04156254, -0.54942144],
       [ 0.00993585,  0.99585365, -0.09042563]])]
InPut : solution : <type 'int'> : 2
Ouput : x_move <type 'list'> : [[0.0, 0.06069130499443634, 0.14798077314657512, 0.14798077314657512, -0.08697089423989955, -0.02826152591073871, -0.09134269573091777, -0.1580407563738405, -0.32210727100753583, -0.2921532538202429, -0.3381989539089292], [0.0, 0.04268649558729593, 0.19557375206224215, 0.19557375206224215, -0.07469866382432902, -0.033406139428200234, -0.10085380467635727, -0.16607242380312026, -0.32649974996835046, -0.29588006546302553, -0.34294903790591025], [0.0, 0.022335966397514596, 0.2368596031222814, 0.2368596031222814, -0.06064494852082103, -0.03903838596067084, -0.11078528222534388, -0.17445004233701855, -0.33105512494103756, -0.2998024747335336, -0.3478444501865563], [0.0, 0.0011596832878674535, 0.268585455129948, 0.268585455129948, -0.046857491839068746, -0.04573567919558013, -0.1213384678443819, -0.18338795598789173, -0.336019729031666, -0.3042505677047082, -0.35308653068702067], [0.0, -0.018516147759512977, 0.2887158694838714, 0.2887158694838714, -0.03619510827691801, -0.05410659228521322, -0.13269504441959226, -0.19308972660191043, -0.34165094281343605, -0.30957515131083835, -0.35888247013892527], [0.0, -0.034495880252965135, 0.298328956915798, 0.298328956915798, -0.031133097864540604, -0.06450247985089948, -0.14501256249127054, -0.20372609877942188, -0.3481519661548947, -0.3160210870094961, -0.3654130872698978], [0.0, -0.045722522775693906, 0.30086452139923536, 0.30086452139923536, -0.03261407834208036, -0.07684348535223999, -0.1584445215323062, -0.2154477265776188, -0.355666453847715, -0.32367885411998587, -0.3728506034186004], [0.0, -0.052477638805168966, 0.2994634548129695, 0.2994634548129695, -0.04000730527788059, -0.09077123309158902, -0.1731048887696992, -0.22836033232305541, -0.36427984708783734, -0.33252683369616837, -0.38133797386487583], [0.0, -0.05570101920185677, 0.295229955332179, 0.295229955332179, -0.052103135868766824, -0.1059851812940753, -0.1890658992011996, -0.24253221557900953, -0.37405076490193556, -0.3425385582413214, -0.3909795272090125], [0.0, -0.05484509479319035, 0.29270494322578083, 0.29270494322578083, -0.06429971929504534, -0.11735379139905312, -0.20052922961143668, -0.25399554598689345, -0.3855140953040311, -0.3539800377639911, -0.4024545961842896], [0.0, -0.05248464043437246, 0.2835293057219136, 0.2835293057219136, -0.07898361251725806, -0.12975431331480414, -0.2131648647089756, -0.2666311810780994, -0.39814973037965895, -0.36656143494667887, -0.4151193685528881], [0.0, -0.049037353024165876, 0.2629460982927322, 0.2629460982927322, -0.09578261536924067, -0.14321860345430099, -0.22690683946542, -0.28037315582570954, -0.41189170510553824, -0.3802393510419997, -0.4288957563981697], [0.0, -0.04488221337270877, 0.22387684291669974, 0.22387684291669974, -0.11429865262858796, -0.15771519139914006, -0.24164140397084388, -0.2951077203211382, -0.4266262695763801, -0.3949190170723439, -0.4436598130166173], [0.0, -0.040342477959940115, 0.15846334768026407, 0.15846334768026407, -0.13412414716108131, -0.17314920022392613, -0.2572240538932048, -0.3106903702333863, -0.4422089194637525, -0.4104673771783276, -0.45926088381512864], [0.0, -0.03570515837774434, 0.06483813725871371, 0.06483813725871371, -0.15481279190240563, -0.18935196179901898, -0.27346858194026064, -0.326934898270966, -0.45845344747802236, -0.42670227015229817, -0.4755105878968444], [0.0, -0.031198296571556768, -0.04424377627340633, -0.04424377627340633, -0.17593483156421896, -0.20611431583844622, -0.29017368610544814, -0.3436400024277483, -0.47515855161412923, -0.4434205811748344, -0.49220859712387094], [0.0, -0.02701122489370714, -0.14689381489350492, -0.14689381489350492, -0.19705681509111403, -0.22318596079743597, -0.30711233586507897, -0.36057865218025803, -0.4920972013491221, -0.460389911367259, -0.5091307649229293], [0.0, -0.027011224731626517, -0.14689381631709586, -0.14689381631709586, -0.19705681595582736, -0.22318596150536157, -0.3071123366008378, -0.3605786528711936, -0.4920972019297999, -0.4603899119518666, -0.509130765501496], [0.0, -0.027011224731626517, -0.14689381631709586, -0.14689381631709586, -0.19705681595582736, -0.22318596150536157, -0.3071123366008378, -0.3605786528711936, -0.4920972019297999, -0.4603899119518666, -0.509130765501496], [0.0, -0.027011224731626517, -0.14689381631709586, -0.14689381631709586, -0.19705681595582736, -0.22318596150536157, -0.3071123366008378, -0.3605786528711936, -0.4920972019297999, -0.4603899119518666, -0.509130765501496]]
Ouput : y_move <type 'list'> : [[0.0, -0.12371501726982181, -0.06520455900544837, 0.07259544099455163, -0.04266561315220526, -0.1623405899451461, -0.19328653815297303, -0.21726804533149685, -0.27625870053971313, -0.26358201677168586, -0.28306877793804186], [0.0, -0.13102176572797272, -0.07408266221256199, 0.06371733778743802, -0.024336599083348804, -0.15107971498711342, -0.17305396063242445, -0.1986123019634143, -0.26148171588000585, -0.2505105775912275, -0.2673755523329424], [0.0, -0.13597773569628635, -0.09889298254469751, 0.03890701745530249, -0.009961656777147344, -0.14149890037885246, -0.15328418460856677, -0.18038604332276378, -0.2470522620474452, -0.238075170300764, -0.2518748710771813], [0.0, -0.13779512014099718, -0.13553958567357277, 0.0022604143264272525, -0.00039435250059327955, -0.13368963199837935, -0.1343259048244597, -0.16295247551010295, -0.2333692407508921, -0.22661201053238436, -0.2369993116454921], [0.0, -0.13655032871490236, -0.17694970948946684, -0.03914970948946682, 0.004908036321364371, -0.12718310168804406, -0.1165265517873131, -0.14666367348642348, -0.2207961515615444, -0.2162952285310572, -0.22321410524426122], [0.0, -0.1334124216314699, -0.21493764466540388, -0.07713764466540388, 0.00804995219115119, -0.12100575030141002, -0.10018860197327073, -0.1318161309713464, -0.2096147715790626, -0.2071136162608767, -0.21095842435243606], [0.0, -0.12999342641466974, -0.24362292744706351, -0.10582292744706351, 0.011471333443025186, -0.11427702461993182, -0.085575533027875, -0.1186678982411232, -0.2000698006231092, -0.1990492121284094, -0.20061807387563593], [0.0, -0.12741639386450326, -0.2611368371242306, -0.12333683712423056, 0.01647738452065579, -0.10677809662693699, -0.07286820706610314, -0.10740007122103949, -0.19234290975476853, -0.19219142930813238, -0.1924242869970192], [0.0, -0.12604061432678906, -0.26827071770282407, -0.1304707177028241, 0.023025893574102417, -0.0988987355243082, -0.062182946029261305, -0.0981305106760614, -0.18655574499800945, -0.18672463960220664, -0.18646501264656878], [0.0, -0.12641540878044089, -0.2647895063625911, -0.12698950636259107, 0.027896316073598135, -0.09439086818208234, -0.058305355844371784, -0.09425292049128607, -0.18267815481351504, -0.18270165176008119, -0.1826655319519159], [0.0, -0.12741350995273085, -0.25459243173618384, -0.11679243173618385, 0.03253521941836468, -0.09071747199454547, -0.0563586916738405, -0.09230625632085192, -0.18073149064331973, -0.18035665046521712, -0.1809328596031829], [0.0, -0.12877957139384855, -0.23792597890136827, -0.10012597890136826, 0.03647260099254928, -0.08810154172733467, -0.05623430122615233, -0.09218186587276328, -0.18060710019424608, -0.17965749056858796, -0.18111724268634172], [0.0, -0.130285942920818, -0.21492334890267098, -0.07712334890267097, 0.03937475064832724, -0.08665657149496042, -0.057744824795657526, -0.09369238944100333, -0.18211762375937401, -0.1804862158634274, -0.1829940370424491], [0.0, -0.1317623788190383, -0.18631767377415998, -0.04851767377415994, 0.04106559474137142, -0.08639394877515835, -0.06065224646575845, -0.09659981110884722, -0.18502504542166595, -0.18266234491404645, -0.18629431849184713], [0.0, -0.1330938828993286, -0.15519415748724827, -0.017394157487248256, 0.041531700280750115, -0.08721586568790374, -0.06464986055740993, -0.10059742519736133, -0.18902265950246272, -0.18592736235026625, -0.1906854929029811], [0.0, -0.13422185474442375, -0.12751605290173, 0.010283947098270024, 0.040893989006923814, -0.08894471373205795, -0.06940609859220737, -0.10535366322840396, -0.1937788975242691, -0.18998521648234207, -0.1958169117236338], [0.0, -0.13512673210635112, -0.10843658827729057, 0.029363411722709443, 0.039390769437645336, -0.09132326096711957, -0.07454675674675906, -0.11049432137892133, -0.19891955566486266, -0.1944886875497943, -0.20129987494690613], [0.0, -0.1351267321387503, -0.10843658817595649, 0.029363411824043523, 0.039390769364688986, -0.09132326107141706, -0.07454675695018259, -0.11049432149134057, -0.19891955555342597, -0.19448868743650508, -0.20129987483646464], [0.0, -0.1351267321387503, -0.10843658817595649, 0.029363411824043523, 0.039390769364688986, -0.09132326107141706, -0.07454675695018259, -0.11049432149134057, -0.19891955555342597, -0.19448868743650508, -0.20129987483646464], [0.0, -0.1351267321387503, -0.10843658817595649, 0.029363411824043523, 0.039390769364688986, -0.09132326107141706, -0.07454675695018259, -0.11049432149134057, -0.19891955555342597, -0.19448868743650508, -0.20129987483646464]]
Ouput : z_move <type 'list'> : [[0.1625, 0.1625, 0.5542353605761783, 0.5542353605761783, 0.846354246287619, 0.846354246287619, 0.9170875786256067, 0.8471131831661287, 0.6749874112025531, 0.6748285403468429, 0.6750727586675151], [0.1625, 0.1625, 0.5344086021720634, 0.5344086021720634, 0.8046310390872682, 0.8046310390872682, 0.8746884082991654, 0.8038825970432604, 0.6297116757812451, 0.629900732394108, 0.6296101121396948], [0.1625, 0.1625, 0.5132260646166579, 0.5132260646166579, 0.7640721019192218, 0.7640721019192218, 0.8322892548355602, 0.7606481522884984, 0.5844225486335775, 0.5852290073982211, 0.5839893086233126], [0.1625, 0.1625, 0.49186566885410443, 0.49186566885410443, 0.7249097406958834, 0.7249097406958834, 0.7899013055748383, 0.7174406923293771, 0.5391992240046987, 0.5409390301191311, 0.5382645778058833], [0.1625, 0.1625, 0.47191145252731437, 0.47191145252731437, 0.6871151039010679, 0.6871151039010679, 0.7475335045364343, 0.6742914656530868, 0.49412781578943077, 0.49710304490926494, 0.4925294844786084], [0.1625, 0.1625, 0.45520226722901513, 0.45520226722901513, 0.6501860301471674, 0.6501860301471674, 0.7051847840305497, 0.6312078953015973, 0.449236632865921, 0.4536318034403243, 0.4468754907613877], [0.1625, 0.1625, 0.4434039832215674, 0.4434039832215674, 0.6132713428785043, 0.6132713428785043, 0.6628453811922286, 0.5881748382776693, 0.40449729797579126, 0.41030406641814127, 0.4013778273594843], [0.1625, 0.1625, 0.43769931656832217, 0.43769931656832217, 0.5756573771127322, 0.5756573771127322, 0.6205057720968389, 0.5451761874988412, 0.3598775105258551, 0.36692661622677775, 0.35609064037189886], [0.1625, 0.1625, 0.4389808588251085, 0.4389808588251085, 0.5370591647000347, 0.5370591647000347, 0.5781643360753281, 0.5022085225456709, 0.3153694229998273, 0.32342665595856807, 0.3110409739299071], [0.1625, 0.1625, 0.4432534175837899, 0.4432534175837899, 0.49202731374409525, 0.49202731374409525, 0.533497450921381, 0.4575416373901214, 0.27070253784033615, 0.2786755774059568, 0.2664193185429707], [0.1625, 0.1625, 0.4567714065042652, 0.4567714065042652, 0.4464526512312154, 0.4464526512312154, 0.48890549720170146, 0.4129496836660299, 0.22611058410539212, 0.23385692410823541, 0.22194915072593166], [0.1625, 0.1625, 0.4810265102651138, 0.4810265102651138, 0.400556777039563, 0.400556777039563, 0.44438425855729397, 0.3684284450152144, 0.18158934543881378, 0.18901857290573465, 0.17759826898811562], [0.1625, 0.1625, 0.5154251312384657, 0.5154251312384657, 0.35453272304682715, 0.35453272304682715, 0.3999264643132675, 0.32397065076355336, 0.13713155116837294, 0.14419946061051547, 0.1333345794030309], [0.1625, 0.1625, 0.5538571294527646, 0.5538571294527646, 0.30852422121471373, 0.30852422121471373, 0.3555228780327934, 0.27956706447489255, 0.09272796485957423, 0.09942563882998187, 0.0891298883466704], [0.1625, 0.1625, 0.5821646985893965, 0.5821646985893965, 0.26263058052848803, 0.26263058052848803, 0.31116159770786095, 0.2352057841418049, 0.04836668450642608, 0.054710860649159074, 0.044958511568515366], [0.1625, 0.1625, 0.5850656501576397, 0.5850656501576397, 0.21690626715790873, 0.21690626715790873, 0.2668297565064297, 0.19087394293268012, 0.004034843278376343, 0.010057792182905555, 0.0007992377401617893], [0.1625, 0.1625, 0.5602247756904708, 0.5602247756904708, 0.1713752347258049, 0.1713752347258049, 0.22251232961933137, 0.14655651603865977, -0.040282583632671023, -0.03453959950306422, -0.04336778849663068], [0.1625, 0.1625, 0.5602247751572069, 0.560224775157207, 0.17137523411594946, 0.17137523411594946, 0.22251232899631623, 0.14655651534102343, -0.04028258451386347, -0.03453960036398932, -0.04336778938871101], [0.1625, 0.1625, 0.5602247751572069, 0.560224775157207, 0.17137523411594946, 0.17137523411594946, 0.22251232899631623, 0.14655651534102343, -0.04028258451386347, -0.03453960036398932, -0.04336778938871101], [0.1625, 0.1625, 0.5602247751572069, 0.560224775157207, 0.17137523411594946, 0.17137523411594946, 0.22251232899631623, 0.14655651534102343, -0.04028258451386347, -0.03453960036398932, -0.04336778938871101]]
Ouput : z_move <type 'list'> : [array([ 0.45607798, -1.96907419,  1.1288073 ,  4.76392176, -1.64964881,
        0.00526725]), array([ 0.31495257, -2.0759935 ,  1.31589695,  4.69332591, -1.52963719,
       -0.10704547]), array([ 0.16280803, -2.17096954,  1.4770086 ,  4.65281055, -1.4051395 ,
       -0.23102292]), array([ 0.0084158 , -2.2549123 ,  1.61864535,  4.63860649, -1.28474906,
       -0.36462546]), array([-0.13477739, -2.32615318,  1.74533402,  4.64218322, -1.17957733,
       -0.50080566]), array([-0.25302414, -2.38188265,  1.86156715,  4.64837233, -1.09841921,
       -0.62773723]), array([-0.33821474, -2.41950793,  1.97156301,  4.6399283 , -1.0433501 ,
       -0.73349103]), array([-0.390688  , -2.43725688,  2.0778123 ,  4.60525471, -1.01001065,
       -0.81235223]), array([-0.41612195, -2.4332932 ,  2.18053841,  4.54017912, -0.99189183,
       -0.86553726]), array([-0.4093412 , -2.41997992,  2.29529737,  4.40808518, -0.99469989,
       -0.85817061]), array([-0.39074295, -2.37677796,  2.40309093,  4.24622366, -1.00252789,
       -0.83810358]), array([-0.36383294, -2.29432524,  2.500968  ,  4.05060006, -1.0141731 ,
       -0.80942548]), array([-0.33175779, -2.16174577,  2.58445258,  3.8169693 , -1.02852717,
       -0.7757898 ]), array([-0.29711317, -1.97136266,  2.64717346,  3.54569976, -1.04458241,
       -0.74011824]), array([-0.26209912, -1.72941539,  2.68166565,  3.25174988, -1.06135975,
       -0.7047471 ]), array([-0.22838292, -1.46371357,  2.68256249,  2.96908994, -1.07800951,
       -0.67131757]), array([-0.19729507, -1.21058683,  2.65057855,  2.7338264 , -1.09376729,
       -0.64102657]), array([-0.19729507, -1.21058682,  2.65057855,  2.7338264 , -1.09376729,
       -0.64102657]), array([-0.19729507, -1.21058682,  2.65057855,  2.7338264 , -1.09376729,
       -0.64102657]), array([-0.19729507, -1.21058682,  2.65057855,  2.7338264 , -1.09376729,
       -0.64102657])]
Ouput : z_move <type 'list'> : [[array([  0. ,   0. , 162.5]), array([  60.69130499, -123.71501727,  162.5       ]), array([147.98077315, -65.20455901, 554.23536058]), array([147.98077315,  72.59544099, 554.23536058]), array([-86.97089424, -42.66561315, 846.35424629]), array([ -28.26152591, -162.34058995,  846.35424629]), array([ -91.34269573, -193.28653815,  917.08757863]), array([-158.04075637, -217.26804533,  847.11318317]), array([-322.10727101, -276.25870054,  674.9874112 ]), array([-292.15325382, -263.58201677,  674.82854035]), array([-338.19895391, -283.06877794,  675.07275867])], [array([  0. ,   0. , 162.5]), array([  42.68649559, -131.02176573,  162.5       ]), array([195.57375206, -74.08266221, 534.40860217]), array([195.57375206,  63.71733779, 534.40860217]), array([-74.69866382, -24.33659908, 804.63103909]), array([ -33.40613943, -151.07971499,  804.63103909]), array([-100.85380468, -173.05396063,  874.6884083 ]), array([-166.0724238 , -198.61230196,  803.88259704]), array([-326.49974997, -261.48171588,  629.71167578]), array([-295.88006546, -250.51057759,  629.90073239]), array([-342.94903791, -267.37555233,  629.61011214])], [array([  0. ,   0. , 162.5]), array([  22.3359664, -135.9777357,  162.5      ]), array([236.85960312, -98.89298254, 513.22606462]), array([236.85960312,  38.90701746, 513.22606462]), array([-60.64494852,  -9.96165678, 764.07210192]), array([ -39.03838596, -141.49890038,  764.07210192]), array([-110.78528223, -153.28418461,  832.28925484]), array([-174.45004234, -180.38604332,  760.64815229]), array([-331.05512494, -247.05226205,  584.42254863]), array([-299.80247473, -238.0751703 ,  585.2290074 ]), array([-347.84445019, -251.87487108,  583.98930862])], [array([  0. ,   0. , 162.5]), array([   1.15968329, -137.79512014,  162.5       ]), array([ 268.58545513, -135.53958567,  491.86566885]), array([268.58545513,   2.26041433, 491.86566885]), array([-46.85749184,  -0.3943525 , 724.9097407 ]), array([ -45.7356792, -133.689632 ,  724.9097407]), array([-121.33846784, -134.32590482,  789.90130557]), array([-183.38795599, -162.95247551,  717.44069233]), array([-336.01972903, -233.36924075,  539.199224  ]), array([-304.2505677 , -226.61201053,  540.93903012]), array([-353.08653069, -236.99931165,  538.26457781])], [array([  0. ,   0. , 162.5]), array([ -18.51614776, -136.55032871,  162.5       ]), array([ 288.71586948, -176.94970949,  471.91145253]), array([288.71586948, -39.14970949, 471.91145253]), array([-36.19510828,   4.90803632, 687.1151039 ]), array([ -54.10659229, -127.18310169,  687.1151039 ]), array([-132.69504442, -116.52655179,  747.53350454]), array([-193.0897266 , -146.66367349,  674.29146565]), array([-341.65094281, -220.79615156,  494.12781579]), array([-309.57515131, -216.29522853,  497.10304491]), array([-358.88247014, -223.21410524,  492.52948448])], [array([  0. ,   0. , 162.5]), array([ -34.49588025, -133.41242163,  162.5       ]), array([ 298.32895692, -214.93764467,  455.20226723]), array([298.32895692, -77.13764467, 455.20226723]), array([-31.13309786,   8.04995219, 650.18603015]), array([ -64.50247985, -121.0057503 ,  650.18603015]), array([-145.01256249, -100.18860197,  705.18478403]), array([-203.72609878, -131.81613097,  631.2078953 ]), array([-348.15196615, -209.61477158,  449.23663287]), array([-316.02108701, -207.11361626,  453.63180344]), array([-365.41308727, -210.95842435,  446.87549076])], [array([  0. ,   0. , 162.5]), array([ -45.72252278, -129.99342641,  162.5       ]), array([ 300.8645214 , -243.62292745,  443.40398322]), array([ 300.8645214 , -105.82292745,  443.40398322]), array([-32.61407834,  11.47133344, 613.27134288]), array([ -76.84348535, -114.27702462,  613.27134288]), array([-158.44452153,  -85.57553303,  662.84538119]), array([-215.44772658, -118.66789824,  588.17483828]), array([-355.66645385, -200.06980062,  404.49729798]), array([-323.67885412, -199.04921213,  410.30406642]), array([-372.85060342, -200.61807388,  401.37782736])], [array([  0. ,   0. , 162.5]), array([ -52.47763881, -127.41639386,  162.5       ]), array([ 299.46345481, -261.13683712,  437.69931657]), array([ 299.46345481, -123.33683712,  437.69931657]), array([-40.00730528,  16.47738452, 575.65737711]), array([ -90.77123309, -106.77809663,  575.65737711]), array([-173.10488877,  -72.86820707,  620.5057721 ]), array([-228.36033232, -107.40007122,  545.1761875 ]), array([-364.27984709, -192.34290975,  359.87751053]), array([-332.5268337 , -192.19142931,  366.92661623]), array([-381.33797386, -192.424287  ,  356.09064037])], [array([  0. ,   0. , 162.5]), array([ -55.7010192 , -126.04061433,  162.5       ]), array([ 295.22995533, -268.2707177 ,  438.98085883]), array([ 295.22995533, -130.4707177 ,  438.98085883]), array([-52.10313587,  23.02589357, 537.0591647 ]), array([-105.98518129,  -98.89873552,  537.0591647 ]), array([-189.0658992 ,  -62.18294603,  578.16433608]), array([-242.53221558,  -98.13051068,  502.20852255]), array([-374.0507649, -186.555745 ,  315.369423 ]), array([-342.53855824, -186.7246396 ,  323.42665596]), array([-390.97952721, -186.46501265,  311.04097393])], [array([  0. ,   0. , 162.5]), array([ -54.84509479, -126.41540878,  162.5       ]), array([ 292.70494323, -264.78950636,  443.25341758]), array([ 292.70494323, -126.98950636,  443.25341758]), array([-64.2997193 ,  27.89631607, 492.02731374]), array([-117.3537914 ,  -94.39086818,  492.02731374]), array([-200.52922961,  -58.30535584,  533.49745092]), array([-253.99554599,  -94.25292049,  457.54163739]), array([-385.5140953 , -182.67815481,  270.70253784]), array([-353.98003776, -182.70165176,  278.67557741]), array([-402.45459618, -182.66553195,  266.41931854])], [array([  0. ,   0. , 162.5]), array([ -52.48464043, -127.41350995,  162.5       ]), array([ 283.52930572, -254.59243174,  456.7714065 ]), array([ 283.52930572, -116.79243174,  456.7714065 ]), array([-78.98361252,  32.53521942, 446.45265123]), array([-129.75431331,  -90.71747199,  446.45265123]), array([-213.16486471,  -56.35869167,  488.9054972 ]), array([-266.63118108,  -92.30625632,  412.94968367]), array([-398.14973038, -180.73149064,  226.11058411]), array([-366.56143495, -180.35665047,  233.85692411]), array([-415.11936855, -180.9328596 ,  221.94915073])], [array([  0. ,   0. , 162.5]), array([ -49.03735302, -128.77957139,  162.5       ]), array([ 262.94609829, -237.9259789 ,  481.02651027]), array([ 262.94609829, -100.1259789 ,  481.02651027]), array([-95.78261537,  36.47260099, 400.55677704]), array([-143.21860345,  -88.10154173,  400.55677704]), array([-226.90683947,  -56.23430123,  444.38425856]), array([-280.37315583,  -92.18186587,  368.42844502]), array([-411.89170511, -180.60710019,  181.58934544]), array([-380.23935104, -179.65749057,  189.01857291]), array([-428.8957564 , -181.11724269,  177.59826899])], [array([  0. ,   0. , 162.5]), array([ -44.88221337, -130.28594292,  162.5       ]), array([ 223.87684292, -214.9233489 ,  515.42513124]), array([223.87684292, -77.1233489 , 515.42513124]), array([-114.29865263,   39.37475065,  354.53272305]), array([-157.7151914 ,  -86.65657149,  354.53272305]), array([-241.64140397,  -57.7448248 ,  399.92646431]), array([-295.10772032,  -93.69238944,  323.97065076]), array([-426.62626958, -182.11762376,  137.13155117]), array([-394.91901707, -180.48621586,  144.19946061]), array([-443.65981302, -182.99403704,  133.3345794 ])], [array([  0. ,   0. , 162.5]), array([ -40.34247796, -131.76237882,  162.5       ]), array([ 158.46334768, -186.31767377,  553.85712945]), array([158.46334768, -48.51767377, 553.85712945]), array([-134.12414716,   41.06559474,  308.52422121]), array([-173.14920022,  -86.39394878,  308.52422121]), array([-257.22405389,  -60.65224647,  355.52287803]), array([-310.69037023,  -96.59981111,  279.56706447]), array([-442.20891946, -185.02504542,   92.72796486]), array([-410.46737718, -182.66234491,   99.42563883]), array([-459.26088382, -186.29431849,   89.12988835])], [array([  0. ,   0. , 162.5]), array([ -35.70515838, -133.0938829 ,  162.5       ]), array([  64.83813726, -155.19415749,  582.16469859]), array([ 64.83813726, -17.39415749, 582.16469859]), array([-154.8127919 ,   41.53170028,  262.63058053]), array([-189.3519618 ,  -87.21586569,  262.63058053]), array([-273.46858194,  -64.64986056,  311.16159771]), array([-326.93489827, -100.5974252 ,  235.20578414]), array([-458.45344748, -189.0226595 ,   48.36668451]), array([-426.70227015, -185.92736235,   54.71086065]), array([-475.5105879 , -190.6854929 ,   44.95851157])], [array([  0. ,   0. , 162.5]), array([ -31.19829657, -134.22185474,  162.5       ]), array([ -44.24377627, -127.5160529 ,  585.06565016]), array([-44.24377627,  10.2839471 , 585.06565016]), array([-175.93483156,   40.89398901,  216.90626716]), array([-206.11431584,  -88.94471373,  216.90626716]), array([-290.17368611,  -69.40609859,  266.82975651]), array([-343.64000243, -105.35366323,  190.87394293]), array([-475.15855161, -193.77889752,    4.03484328]), array([-443.42058117, -189.98521648,   10.05779218]), array([-492.20859712, -195.81691172,    0.79923774])], [array([  0. ,   0. , 162.5]), array([ -27.01122489, -135.12673211,  162.5       ]), array([-146.89381489, -108.43658828,  560.22477569]), array([-146.89381489,   29.36341172,  560.22477569]), array([-197.05681509,   39.39076944,  171.37523473]), array([-223.1859608 ,  -91.32326097,  171.37523473]), array([-307.11233587,  -74.54675675,  222.51232962]), array([-360.57865218, -110.49432138,  146.55651604]), array([-492.09720135, -198.91955566,  -40.28258363]), array([-460.38991137, -194.48868755,  -34.5395995 ]), array([-509.13076492, -201.29987495,  -43.3677885 ])], [array([  0. ,   0. , 162.5]), array([ -27.01122473, -135.12673214,  162.5       ]), array([-146.89381632, -108.43658818,  560.22477516]), array([-146.89381632,   29.36341182,  560.22477516]), array([-197.05681596,   39.39076936,  171.37523412]), array([-223.18596151,  -91.32326107,  171.37523412]), array([-307.1123366 ,  -74.54675695,  222.512329  ]), array([-360.57865287, -110.49432149,  146.55651534]), array([-492.09720193, -198.91955555,  -40.28258451]), array([-460.38991195, -194.48868744,  -34.53960036]), array([-509.1307655 , -201.29987484,  -43.36778939])], [array([  0. ,   0. , 162.5]), array([ -27.01122473, -135.12673214,  162.5       ]), array([-146.89381632, -108.43658818,  560.22477516]), array([-146.89381632,   29.36341182,  560.22477516]), array([-197.05681596,   39.39076936,  171.37523412]), array([-223.18596151,  -91.32326107,  171.37523412]), array([-307.1123366 ,  -74.54675695,  222.512329  ]), array([-360.57865287, -110.49432149,  146.55651534]), array([-492.09720193, -198.91955555,  -40.28258451]), array([-460.38991195, -194.48868744,  -34.53960036]), array([-509.1307655 , -201.29987484,  -43.36778939])], [array([  0. ,   0. , 162.5]), array([ -27.01122473, -135.12673214,  162.5       ]), array([-146.89381632, -108.43658818,  560.22477516]), array([-146.89381632,   29.36341182,  560.22477516]), array([-197.05681596,   39.39076936,  171.37523412]), array([-223.18596151,  -91.32326107,  171.37523412]), array([-307.1123366 ,  -74.54675695,  222.512329  ]), array([-360.57865287, -110.49432149,  146.55651534]), array([-492.09720193, -198.91955555,  -40.28258451]), array([-460.38991195, -194.48868744,  -34.53960036]), array([-509.1307655 , -201.29987484,  -43.36778939])]]
***********************