InPut : data : <type 'numpy.ndarray'> : [[ 0.          0.          0.1625    ]
 [ 0.0606913  -0.12371502  0.1625    ]
 [ 0.14798077 -0.06520456  0.55423536]
 [ 0.14798077  0.07259544  0.55423536]
 [-0.08697089 -0.04266561  0.84635425]
 [-0.02826153 -0.16234059  0.84635425]
 [-0.0913427  -0.19328654  0.91708758]
 [-0.15804076 -0.21726805  0.84711318]
 [-0.32210727 -0.2762587   0.67498741]
 [-0.29215325 -0.26358202  0.67482854]
 [-0.33819895 -0.28306878  0.67507276]]
Ouput : xpoints<type 'list'> : [0.0, 0.06069130499443634, 0.14798077314657512, 0.14798077314657512, -0.08697089423989955, -0.02826152591073871, -0.09134269573091777, -0.1580407563738405, -0.32210727100753583, -0.2921532538202429, -0.3381989539089292]
Ouput : ypoints<type 'list'> : [0.0, -0.12371501726982181, -0.06520455900544837, 0.07259544099455163, -0.04266561315220526, -0.1623405899451461, -0.19328653815297303, -0.21726804533149685, -0.27625870053971313, -0.26358201677168586, -0.28306877793804186]
Ouput : zpoints<type 'list'> : [0.1625, 0.1625, 0.5542353605761783, 0.5542353605761783, 0.846354246287619, 0.846354246287619, 0.9170875786256067, 0.8471131831661287, 0.6749874112025531, 0.6748285403468429, 0.6750727586675151]
***********************InPut : data : <type 'numpy.ndarray'> : [[ 0.          0.          0.1625    ]
 [ 0.0426865  -0.13102177  0.1625    ]
 [ 0.19557375 -0.07408266  0.5344086 ]
 [ 0.19557375  0.06371734  0.5344086 ]
 [-0.07469866 -0.0243366   0.80463104]
 [-0.03340614 -0.15107971  0.80463104]
 [-0.1008538  -0.17305396  0.87468841]
 [-0.16607242 -0.1986123   0.8038826 ]
 [-0.32649975 -0.26148172  0.62971168]
 [-0.29588007 -0.25051058  0.62990073]
 [-0.34294904 -0.26737555  0.62961011]]
Ouput : xpoints<type 'list'> : [0.0, 0.04268649558729593, 0.19557375206224215, 0.19557375206224215, -0.07469866382432902, -0.033406139428200234, -0.10085380467635727, -0.16607242380312026, -0.32649974996835046, -0.29588006546302553, -0.34294903790591025]
Ouput : ypoints<type 'list'> : [0.0, -0.13102176572797272, -0.07408266221256199, 0.06371733778743802, -0.024336599083348804, -0.15107971498711342, -0.17305396063242445, -0.1986123019634143, -0.26148171588000585, -0.2505105775912275, -0.2673755523329424]
Ouput : zpoints<type 'list'> : [0.1625, 0.1625, 0.5344086021720634, 0.5344086021720634, 0.8046310390872682, 0.8046310390872682, 0.8746884082991654, 0.8038825970432604, 0.6297116757812451, 0.629900732394108, 0.6296101121396948]
***********************InPut : data : <type 'numpy.ndarray'> : [[ 0.          0.          0.1625    ]
 [ 0.02233597 -0.13597774  0.1625    ]
 [ 0.2368596  -0.09889298  0.51322606]
 [ 0.2368596   0.03890702  0.51322606]
 [-0.06064495 -0.00996166  0.7640721 ]
 [-0.03903839 -0.1414989   0.7640721 ]
 [-0.11078528 -0.15328418  0.83228925]
 [-0.17445004 -0.18038604  0.76064815]
 [-0.33105512 -0.24705226  0.58442255]
 [-0.29980247 -0.23807517  0.58522901]
 [-0.34784445 -0.25187487  0.58398931]]
Ouput : xpoints<type 'list'> : [0.0, 0.022335966397514596, 0.2368596031222814, 0.2368596031222814, -0.06064494852082103, -0.03903838596067084, -0.11078528222534388, -0.17445004233701855, -0.33105512494103756, -0.2998024747335336, -0.3478444501865563]
Ouput : ypoints<type 'list'> : [0.0, -0.13597773569628635, -0.09889298254469751, 0.03890701745530249, -0.009961656777147344, -0.14149890037885246, -0.15328418460856677, -0.18038604332276378, -0.2470522620474452, -0.238075170300764, -0.2518748710771813]
Ouput : zpoints<type 'list'> : [0.1625, 0.1625, 0.5132260646166579, 0.5132260646166579, 0.7640721019192218, 0.7640721019192218, 0.8322892548355602, 0.7606481522884984, 0.5844225486335775, 0.5852290073982211, 0.5839893086233126]
***********************InPut : data : <type 'numpy.ndarray'> : [[ 0.          0.          0.1625    ]
 [ 0.00115968 -0.13779512  0.1625    ]
 [ 0.26858546 -0.13553959  0.49186567]
 [ 0.26858546  0.00226041  0.49186567]
 [-0.04685749 -0.00039435  0.72490974]
 [-0.04573568 -0.13368963  0.72490974]
 [-0.12133847 -0.1343259   0.78990131]
 [-0.18338796 -0.16295248  0.71744069]
 [-0.33601973 -0.23336924  0.53919922]
 [-0.30425057 -0.22661201  0.54093903]
 [-0.35308653 -0.23699931  0.53826458]]
Ouput : xpoints<type 'list'> : [0.0, 0.0011596832878674535, 0.268585455129948, 0.268585455129948, -0.046857491839068746, -0.04573567919558013, -0.1213384678443819, -0.18338795598789173, -0.336019729031666, -0.3042505677047082, -0.35308653068702067]
Ouput : ypoints<type 'list'> : [0.0, -0.13779512014099718, -0.13553958567357277, 0.0022604143264272525, -0.00039435250059327955, -0.13368963199837935, -0.1343259048244597, -0.16295247551010295, -0.2333692407508921, -0.22661201053238436, -0.2369993116454921]
Ouput : zpoints<type 'list'> : [0.1625, 0.1625, 0.49186566885410443, 0.49186566885410443, 0.7249097406958834, 0.7249097406958834, 0.7899013055748383, 0.7174406923293771, 0.5391992240046987, 0.5409390301191311, 0.5382645778058833]
***********************InPut : data : <type 'numpy.ndarray'> : [[ 0.          0.          0.1625    ]
 [-0.01851615 -0.13655033  0.1625    ]
 [ 0.28871587 -0.17694971  0.47191145]
 [ 0.28871587 -0.03914971  0.47191145]
 [-0.03619511  0.00490804  0.6871151 ]
 [-0.05410659 -0.1271831   0.6871151 ]
 [-0.13269504 -0.11652655  0.7475335 ]
 [-0.19308973 -0.14666367  0.67429147]
 [-0.34165094 -0.22079615  0.49412782]
 [-0.30957515 -0.21629523  0.49710304]
 [-0.35888247 -0.22321411  0.49252948]]
Ouput : xpoints<type 'list'> : [0.0, -0.018516147759512977, 0.2887158694838714, 0.2887158694838714, -0.03619510827691801, -0.05410659228521322, -0.13269504441959226, -0.19308972660191043, -0.34165094281343605, -0.30957515131083835, -0.35888247013892527]
Ouput : ypoints<type 'list'> : [0.0, -0.13655032871490236, -0.17694970948946684, -0.03914970948946682, 0.004908036321364371, -0.12718310168804406, -0.1165265517873131, -0.14666367348642348, -0.2207961515615444, -0.2162952285310572, -0.22321410524426122]
Ouput : zpoints<type 'list'> : [0.1625, 0.1625, 0.47191145252731437, 0.47191145252731437, 0.6871151039010679, 0.6871151039010679, 0.7475335045364343, 0.6742914656530868, 0.49412781578943077, 0.49710304490926494, 0.4925294844786084]
***********************InPut : data : <type 'numpy.ndarray'> : [[ 0.          0.          0.1625    ]
 [-0.03449588 -0.13341242  0.1625    ]
 [ 0.29832896 -0.21493764  0.45520227]
 [ 0.29832896 -0.07713764  0.45520227]
 [-0.0311331   0.00804995  0.65018603]
 [-0.06450248 -0.12100575  0.65018603]
 [-0.14501256 -0.1001886   0.70518478]
 [-0.2037261  -0.13181613  0.6312079 ]
 [-0.34815197 -0.20961477  0.44923663]
 [-0.31602109 -0.20711362  0.4536318 ]
 [-0.36541309 -0.21095842  0.44687549]]
Ouput : xpoints<type 'list'> : [0.0, -0.034495880252965135, 0.298328956915798, 0.298328956915798, -0.031133097864540604, -0.06450247985089948, -0.14501256249127054, -0.20372609877942188, -0.3481519661548947, -0.3160210870094961, -0.3654130872698978]
Ouput : ypoints<type 'list'> : [0.0, -0.1334124216314699, -0.21493764466540388, -0.07713764466540388, 0.00804995219115119, -0.12100575030141002, -0.10018860197327073, -0.1318161309713464, -0.2096147715790626, -0.2071136162608767, -0.21095842435243606]
Ouput : zpoints<type 'list'> : [0.1625, 0.1625, 0.45520226722901513, 0.45520226722901513, 0.6501860301471674, 0.6501860301471674, 0.7051847840305497, 0.6312078953015973, 0.449236632865921, 0.4536318034403243, 0.4468754907613877]
***********************InPut : data : <type 'numpy.ndarray'> : [[ 0.          0.          0.1625    ]
 [-0.04572252 -0.12999343  0.1625    ]
 [ 0.30086452 -0.24362293  0.44340398]
 [ 0.30086452 -0.10582293  0.44340398]
 [-0.03261408  0.01147133  0.61327134]
 [-0.07684349 -0.11427702  0.61327134]
 [-0.15844452 -0.08557553  0.66284538]
 [-0.21544773 -0.1186679   0.58817484]
 [-0.35566645 -0.2000698   0.4044973 ]
 [-0.32367885 -0.19904921  0.41030407]
 [-0.3728506  -0.20061807  0.40137783]]
Ouput : xpoints<type 'list'> : [0.0, -0.045722522775693906, 0.30086452139923536, 0.30086452139923536, -0.03261407834208036, -0.07684348535223999, -0.1584445215323062, -0.2154477265776188, -0.355666453847715, -0.32367885411998587, -0.3728506034186004]
Ouput : ypoints<type 'list'> : [0.0, -0.12999342641466974, -0.24362292744706351, -0.10582292744706351, 0.011471333443025186, -0.11427702461993182, -0.085575533027875, -0.1186678982411232, -0.2000698006231092, -0.1990492121284094, -0.20061807387563593]
Ouput : zpoints<type 'list'> : [0.1625, 0.1625, 0.4434039832215674, 0.4434039832215674, 0.6132713428785043, 0.6132713428785043, 0.6628453811922286, 0.5881748382776693, 0.40449729797579126, 0.41030406641814127, 0.4013778273594843]
***********************InPut : data : <type 'numpy.ndarray'> : [[ 0.          0.          0.1625    ]
 [-0.05247764 -0.12741639  0.1625    ]
 [ 0.29946345 -0.26113684  0.43769932]
 [ 0.29946345 -0.12333684  0.43769932]
 [-0.04000731  0.01647738  0.57565738]
 [-0.09077123 -0.1067781   0.57565738]
 [-0.17310489 -0.07286821  0.62050577]
 [-0.22836033 -0.10740007  0.54517619]
 [-0.36427985 -0.19234291  0.35987751]
 [-0.33252683 -0.19219143  0.36692662]
 [-0.38133797 -0.19242429  0.35609064]]
Ouput : xpoints<type 'list'> : [0.0, -0.052477638805168966, 0.2994634548129695, 0.2994634548129695, -0.04000730527788059, -0.09077123309158902, -0.1731048887696992, -0.22836033232305541, -0.36427984708783734, -0.33252683369616837, -0.38133797386487583]
Ouput : ypoints<type 'list'> : [0.0, -0.12741639386450326, -0.2611368371242306, -0.12333683712423056, 0.01647738452065579, -0.10677809662693699, -0.07286820706610314, -0.10740007122103949, -0.19234290975476853, -0.19219142930813238, -0.1924242869970192]
Ouput : zpoints<type 'list'> : [0.1625, 0.1625, 0.43769931656832217, 0.43769931656832217, 0.5756573771127322, 0.5756573771127322, 0.6205057720968389, 0.5451761874988412, 0.3598775105258551, 0.36692661622677775, 0.35609064037189886]
***********************InPut : data : <type 'numpy.ndarray'> : [[ 0.          0.          0.1625    ]
 [-0.05570102 -0.12604061  0.1625    ]
 [ 0.29522996 -0.26827072  0.43898086]
 [ 0.29522996 -0.13047072  0.43898086]
 [-0.05210314  0.02302589  0.53705916]
 [-0.10598518 -0.09889874  0.53705916]
 [-0.1890659  -0.06218295  0.57816434]
 [-0.24253222 -0.09813051  0.50220852]
 [-0.37405076 -0.18655574  0.31536942]
 [-0.34253856 -0.18672464  0.32342666]
 [-0.39097953 -0.18646501  0.31104097]]
Ouput : xpoints<type 'list'> : [0.0, -0.05570101920185677, 0.295229955332179, 0.295229955332179, -0.052103135868766824, -0.1059851812940753, -0.1890658992011996, -0.24253221557900953, -0.37405076490193556, -0.3425385582413214, -0.3909795272090125]
Ouput : ypoints<type 'list'> : [0.0, -0.12604061432678906, -0.26827071770282407, -0.1304707177028241, 0.023025893574102417, -0.0988987355243082, -0.062182946029261305, -0.0981305106760614, -0.18655574499800945, -0.18672463960220664, -0.18646501264656878]
Ouput : zpoints<type 'list'> : [0.1625, 0.1625, 0.4389808588251085, 0.4389808588251085, 0.5370591647000347, 0.5370591647000347, 0.5781643360753281, 0.5022085225456709, 0.3153694229998273, 0.32342665595856807, 0.3110409739299071]
***********************InPut : data : <type 'numpy.ndarray'> : [[ 0.          0.          0.1625    ]
 [-0.05484509 -0.12641541  0.1625    ]
 [ 0.29270494 -0.26478951  0.44325342]
 [ 0.29270494 -0.12698951  0.44325342]
 [-0.06429972  0.02789632  0.49202731]
 [-0.11735379 -0.09439087  0.49202731]
 [-0.20052923 -0.05830536  0.53349745]
 [-0.25399555 -0.09425292  0.45754164]
 [-0.3855141  -0.18267815  0.27070254]
 [-0.35398004 -0.18270165  0.27867558]
 [-0.4024546  -0.18266553  0.26641932]]
Ouput : xpoints<type 'list'> : [0.0, -0.05484509479319035, 0.29270494322578083, 0.29270494322578083, -0.06429971929504534, -0.11735379139905312, -0.20052922961143668, -0.25399554598689345, -0.3855140953040311, -0.3539800377639911, -0.4024545961842896]
Ouput : ypoints<type 'list'> : [0.0, -0.12641540878044089, -0.2647895063625911, -0.12698950636259107, 0.027896316073598135, -0.09439086818208234, -0.058305355844371784, -0.09425292049128607, -0.18267815481351504, -0.18270165176008119, -0.1826655319519159]
Ouput : zpoints<type 'list'> : [0.1625, 0.1625, 0.4432534175837899, 0.4432534175837899, 0.49202731374409525, 0.49202731374409525, 0.533497450921381, 0.4575416373901214, 0.27070253784033615, 0.2786755774059568, 0.2664193185429707]
***********************InPut : data : <type 'numpy.ndarray'> : [[ 0.          0.          0.1625    ]
 [-0.05248464 -0.12741351  0.1625    ]
 [ 0.28352931 -0.25459243  0.45677141]
 [ 0.28352931 -0.11679243  0.45677141]
 [-0.07898361  0.03253522  0.44645265]
 [-0.12975431 -0.09071747  0.44645265]
 [-0.21316486 -0.05635869  0.4889055 ]
 [-0.26663118 -0.09230626  0.41294968]
 [-0.39814973 -0.18073149  0.22611058]
 [-0.36656143 -0.18035665  0.23385692]
 [-0.41511937 -0.18093286  0.22194915]]
Ouput : xpoints<type 'list'> : [0.0, -0.05248464043437246, 0.2835293057219136, 0.2835293057219136, -0.07898361251725806, -0.12975431331480414, -0.2131648647089756, -0.2666311810780994, -0.39814973037965895, -0.36656143494667887, -0.4151193685528881]
Ouput : ypoints<type 'list'> : [0.0, -0.12741350995273085, -0.25459243173618384, -0.11679243173618385, 0.03253521941836468, -0.09071747199454547, -0.0563586916738405, -0.09230625632085192, -0.18073149064331973, -0.18035665046521712, -0.1809328596031829]
Ouput : zpoints<type 'list'> : [0.1625, 0.1625, 0.4567714065042652, 0.4567714065042652, 0.4464526512312154, 0.4464526512312154, 0.48890549720170146, 0.4129496836660299, 0.22611058410539212, 0.23385692410823541, 0.22194915072593166]
***********************InPut : data : <type 'numpy.ndarray'> : [[ 0.          0.          0.1625    ]
 [-0.04903735 -0.12877957  0.1625    ]
 [ 0.2629461  -0.23792598  0.48102651]
 [ 0.2629461  -0.10012598  0.48102651]
 [-0.09578262  0.0364726   0.40055678]
 [-0.1432186  -0.08810154  0.40055678]
 [-0.22690684 -0.0562343   0.44438426]
 [-0.28037316 -0.09218187  0.36842845]
 [-0.41189171 -0.1806071   0.18158935]
 [-0.38023935 -0.17965749  0.18901857]
 [-0.42889576 -0.18111724  0.17759827]]
Ouput : xpoints<type 'list'> : [0.0, -0.049037353024165876, 0.2629460982927322, 0.2629460982927322, -0.09578261536924067, -0.14321860345430099, -0.22690683946542, -0.28037315582570954, -0.41189170510553824, -0.3802393510419997, -0.4288957563981697]
Ouput : ypoints<type 'list'> : [0.0, -0.12877957139384855, -0.23792597890136827, -0.10012597890136826, 0.03647260099254928, -0.08810154172733467, -0.05623430122615233, -0.09218186587276328, -0.18060710019424608, -0.17965749056858796, -0.18111724268634172]
Ouput : zpoints<type 'list'> : [0.1625, 0.1625, 0.4810265102651138, 0.4810265102651138, 0.400556777039563, 0.400556777039563, 0.44438425855729397, 0.3684284450152144, 0.18158934543881378, 0.18901857290573465, 0.17759826898811562]
***********************InPut : data : <type 'numpy.ndarray'> : [[ 0.          0.          0.1625    ]
 [-0.04488221 -0.13028594  0.1625    ]
 [ 0.22387684 -0.21492335  0.51542513]
 [ 0.22387684 -0.07712335  0.51542513]
 [-0.11429865  0.03937475  0.35453272]
 [-0.15771519 -0.08665657  0.35453272]
 [-0.2416414  -0.05774482  0.39992646]
 [-0.29510772 -0.09369239  0.32397065]
 [-0.42662627 -0.18211762  0.13713155]
 [-0.39491902 -0.18048622  0.14419946]
 [-0.44365981 -0.18299404  0.13333458]]
Ouput : xpoints<type 'list'> : [0.0, -0.04488221337270877, 0.22387684291669974, 0.22387684291669974, -0.11429865262858796, -0.15771519139914006, -0.24164140397084388, -0.2951077203211382, -0.4266262695763801, -0.3949190170723439, -0.4436598130166173]
Ouput : ypoints<type 'list'> : [0.0, -0.130285942920818, -0.21492334890267098, -0.07712334890267097, 0.03937475064832724, -0.08665657149496042, -0.057744824795657526, -0.09369238944100333, -0.18211762375937401, -0.1804862158634274, -0.1829940370424491]
Ouput : zpoints<type 'list'> : [0.1625, 0.1625, 0.5154251312384657, 0.5154251312384657, 0.35453272304682715, 0.35453272304682715, 0.3999264643132675, 0.32397065076355336, 0.13713155116837294, 0.14419946061051547, 0.1333345794030309]
***********************InPut : data : <type 'numpy.ndarray'> : [[ 0.          0.          0.1625    ]
 [-0.04034248 -0.13176238  0.1625    ]
 [ 0.15846335 -0.18631767  0.55385713]
 [ 0.15846335 -0.04851767  0.55385713]
 [-0.13412415  0.04106559  0.30852422]
 [-0.1731492  -0.08639395  0.30852422]
 [-0.25722405 -0.06065225  0.35552288]
 [-0.31069037 -0.09659981  0.27956706]
 [-0.44220892 -0.18502505  0.09272796]
 [-0.41046738 -0.18266234  0.09942564]
 [-0.45926088 -0.18629432  0.08912989]]
Ouput : xpoints<type 'list'> : [0.0, -0.040342477959940115, 0.15846334768026407, 0.15846334768026407, -0.13412414716108131, -0.17314920022392613, -0.2572240538932048, -0.3106903702333863, -0.4422089194637525, -0.4104673771783276, -0.45926088381512864]
Ouput : ypoints<type 'list'> : [0.0, -0.1317623788190383, -0.18631767377415998, -0.04851767377415994, 0.04106559474137142, -0.08639394877515835, -0.06065224646575845, -0.09659981110884722, -0.18502504542166595, -0.18266234491404645, -0.18629431849184713]
Ouput : zpoints<type 'list'> : [0.1625, 0.1625, 0.5538571294527646, 0.5538571294527646, 0.30852422121471373, 0.30852422121471373, 0.3555228780327934, 0.27956706447489255, 0.09272796485957423, 0.09942563882998187, 0.0891298883466704]
***********************InPut : data : <type 'numpy.ndarray'> : [[ 0.          0.          0.1625    ]
 [-0.03570516 -0.13309388  0.1625    ]
 [ 0.06483814 -0.15519416  0.5821647 ]
 [ 0.06483814 -0.01739416  0.5821647 ]
 [-0.15481279  0.0415317   0.26263058]
 [-0.18935196 -0.08721587  0.26263058]
 [-0.27346858 -0.06464986  0.3111616 ]
 [-0.3269349  -0.10059743  0.23520578]
 [-0.45845345 -0.18902266  0.04836668]
 [-0.42670227 -0.18592736  0.05471086]
 [-0.47551059 -0.19068549  0.04495851]]
Ouput : xpoints<type 'list'> : [0.0, -0.03570515837774434, 0.06483813725871371, 0.06483813725871371, -0.15481279190240563, -0.18935196179901898, -0.27346858194026064, -0.326934898270966, -0.45845344747802236, -0.42670227015229817, -0.4755105878968444]
Ouput : ypoints<type 'list'> : [0.0, -0.1330938828993286, -0.15519415748724827, -0.017394157487248256, 0.041531700280750115, -0.08721586568790374, -0.06464986055740993, -0.10059742519736133, -0.18902265950246272, -0.18592736235026625, -0.1906854929029811]
Ouput : zpoints<type 'list'> : [0.1625, 0.1625, 0.5821646985893965, 0.5821646985893965, 0.26263058052848803, 0.26263058052848803, 0.31116159770786095, 0.2352057841418049, 0.04836668450642608, 0.054710860649159074, 0.044958511568515366]
***********************InPut : data : <type 'numpy.ndarray'> : [[ 0.          0.          0.1625    ]
 [-0.0311983  -0.13422185  0.1625    ]
 [-0.04424378 -0.12751605  0.58506565]
 [-0.04424378  0.01028395  0.58506565]
 [-0.17593483  0.04089399  0.21690627]
 [-0.20611432 -0.08894471  0.21690627]
 [-0.29017369 -0.0694061   0.26682976]
 [-0.34364    -0.10535366  0.19087394]
 [-0.47515855 -0.1937789   0.00403484]
 [-0.44342058 -0.18998522  0.01005779]
 [-0.4922086  -0.19581691  0.00079924]]
Ouput : xpoints<type 'list'> : [0.0, -0.031198296571556768, -0.04424377627340633, -0.04424377627340633, -0.17593483156421896, -0.20611431583844622, -0.29017368610544814, -0.3436400024277483, -0.47515855161412923, -0.4434205811748344, -0.49220859712387094]
Ouput : ypoints<type 'list'> : [0.0, -0.13422185474442375, -0.12751605290173, 0.010283947098270024, 0.040893989006923814, -0.08894471373205795, -0.06940609859220737, -0.10535366322840396, -0.1937788975242691, -0.18998521648234207, -0.1958169117236338]
Ouput : zpoints<type 'list'> : [0.1625, 0.1625, 0.5850656501576397, 0.5850656501576397, 0.21690626715790873, 0.21690626715790873, 0.2668297565064297, 0.19087394293268012, 0.004034843278376343, 0.010057792182905555, 0.0007992377401617893]
***********************InPut : data : <type 'numpy.ndarray'> : [[ 0.          0.          0.1625    ]
 [-0.02701122 -0.13512673  0.1625    ]
 [-0.14689381 -0.10843659  0.56022478]
 [-0.14689381  0.02936341  0.56022478]
 [-0.19705682  0.03939077  0.17137523]
 [-0.22318596 -0.09132326  0.17137523]
 [-0.30711234 -0.07454676  0.22251233]
 [-0.36057865 -0.11049432  0.14655652]
 [-0.4920972  -0.19891956 -0.04028258]
 [-0.46038991 -0.19448869 -0.0345396 ]
 [-0.50913076 -0.20129987 -0.04336779]]
Ouput : xpoints<type 'list'> : [0.0, -0.02701122489370714, -0.14689381489350492, -0.14689381489350492, -0.19705681509111403, -0.22318596079743597, -0.30711233586507897, -0.36057865218025803, -0.4920972013491221, -0.460389911367259, -0.5091307649229293]
Ouput : ypoints<type 'list'> : [0.0, -0.13512673210635112, -0.10843658827729057, 0.029363411722709443, 0.039390769437645336, -0.09132326096711957, -0.07454675674675906, -0.11049432137892133, -0.19891955566486266, -0.1944886875497943, -0.20129987494690613]
Ouput : zpoints<type 'list'> : [0.1625, 0.1625, 0.5602247756904708, 0.5602247756904708, 0.1713752347258049, 0.1713752347258049, 0.22251232961933137, 0.14655651603865977, -0.040282583632671023, -0.03453959950306422, -0.04336778849663068]
***********************InPut : data : <type 'numpy.ndarray'> : [[ 0.          0.          0.1625    ]
 [-0.02701122 -0.13512673  0.1625    ]
 [-0.14689382 -0.10843659  0.56022478]
 [-0.14689382  0.02936341  0.56022478]
 [-0.19705682  0.03939077  0.17137523]
 [-0.22318596 -0.09132326  0.17137523]
 [-0.30711234 -0.07454676  0.22251233]
 [-0.36057865 -0.11049432  0.14655652]
 [-0.4920972  -0.19891956 -0.04028258]
 [-0.46038991 -0.19448869 -0.0345396 ]
 [-0.50913077 -0.20129987 -0.04336779]]
Ouput : xpoints<type 'list'> : [0.0, -0.027011224731626517, -0.14689381631709586, -0.14689381631709586, -0.19705681595582736, -0.22318596150536157, -0.3071123366008378, -0.3605786528711936, -0.4920972019297999, -0.4603899119518666, -0.509130765501496]
Ouput : ypoints<type 'list'> : [0.0, -0.1351267321387503, -0.10843658817595649, 0.029363411824043523, 0.039390769364688986, -0.09132326107141706, -0.07454675695018259, -0.11049432149134057, -0.19891955555342597, -0.19448868743650508, -0.20129987483646464]
Ouput : zpoints<type 'list'> : [0.1625, 0.1625, 0.5602247751572069, 0.560224775157207, 0.17137523411594946, 0.17137523411594946, 0.22251232899631623, 0.14655651534102343, -0.04028258451386347, -0.03453960036398932, -0.04336778938871101]
***********************InPut : data : <type 'numpy.ndarray'> : [[ 0.          0.          0.1625    ]
 [-0.02701122 -0.13512673  0.1625    ]
 [-0.14689382 -0.10843659  0.56022478]
 [-0.14689382  0.02936341  0.56022478]
 [-0.19705682  0.03939077  0.17137523]
 [-0.22318596 -0.09132326  0.17137523]
 [-0.30711234 -0.07454676  0.22251233]
 [-0.36057865 -0.11049432  0.14655652]
 [-0.4920972  -0.19891956 -0.04028258]
 [-0.46038991 -0.19448869 -0.0345396 ]
 [-0.50913077 -0.20129987 -0.04336779]]
Ouput : xpoints<type 'list'> : [0.0, -0.027011224731626517, -0.14689381631709586, -0.14689381631709586, -0.19705681595582736, -0.22318596150536157, -0.3071123366008378, -0.3605786528711936, -0.4920972019297999, -0.4603899119518666, -0.509130765501496]
Ouput : ypoints<type 'list'> : [0.0, -0.1351267321387503, -0.10843658817595649, 0.029363411824043523, 0.039390769364688986, -0.09132326107141706, -0.07454675695018259, -0.11049432149134057, -0.19891955555342597, -0.19448868743650508, -0.20129987483646464]
Ouput : zpoints<type 'list'> : [0.1625, 0.1625, 0.5602247751572069, 0.560224775157207, 0.17137523411594946, 0.17137523411594946, 0.22251232899631623, 0.14655651534102343, -0.04028258451386347, -0.03453960036398932, -0.04336778938871101]
***********************InPut : data : <type 'numpy.ndarray'> : [[ 0.          0.          0.1625    ]
 [-0.02701122 -0.13512673  0.1625    ]
 [-0.14689382 -0.10843659  0.56022478]
 [-0.14689382  0.02936341  0.56022478]
 [-0.19705682  0.03939077  0.17137523]
 [-0.22318596 -0.09132326  0.17137523]
 [-0.30711234 -0.07454676  0.22251233]
 [-0.36057865 -0.11049432  0.14655652]
 [-0.4920972  -0.19891956 -0.04028258]
 [-0.46038991 -0.19448869 -0.0345396 ]
 [-0.50913077 -0.20129987 -0.04336779]]
Ouput : xpoints<type 'list'> : [0.0, -0.027011224731626517, -0.14689381631709586, -0.14689381631709586, -0.19705681595582736, -0.22318596150536157, -0.3071123366008378, -0.3605786528711936, -0.4920972019297999, -0.4603899119518666, -0.509130765501496]
Ouput : ypoints<type 'list'> : [0.0, -0.1351267321387503, -0.10843658817595649, 0.029363411824043523, 0.039390769364688986, -0.09132326107141706, -0.07454675695018259, -0.11049432149134057, -0.19891955555342597, -0.19448868743650508, -0.20129987483646464]
Ouput : zpoints<type 'list'> : [0.1625, 0.1625, 0.5602247751572069, 0.560224775157207, 0.17137523411594946, 0.17137523411594946, 0.22251232899631623, 0.14655651534102343, -0.04028258451386347, -0.03453960036398932, -0.04336778938871101]
***********************